%Tsimul=11
%QTsimul=day
%simToD=0
%Tmeals=[435 831 1210 1919 2260 2671 3351 3695 4097 4771 5046 5579 6125 6485 6969 7656 7979 8422 9065 9414 9814 10500 10880 11245 11980 12317 12705 13367 13690 14205 14764 15226 15612]
%QTmeals=min
%Ameals=[37 72 89 51 78 86 36 77 84 49 71 82 43 67 87 40 81 90 40 69 93 51 84 93 52 80 94 38 68 75 41 73 93]
%Dmeals=[15]
%Qmeals=total
%Tbolus=[377 785 1102 1320 1780 2208 2567 2760 3298 3570 4024 4200 4664 5042 5433 5640 6160 6542 6964 7080 7573 7989 8342 8520 8957 9329 9821 9960 10473 10848 11208 11400 11848 12210 12677 12840 13305 13641 14135 14280 14810 15097 15569 15720]
%QTbolus=min
%Abolus=[100 100 100 100 100 100 100 100 100 100 100 100 100 100 100 100 100 100 100 100 100 100 100 100 100 100 100 100 100 100 100 100 100 100 100 100 100 100 100 100 100 100 100 100 ]
%Qbolus=total