simulation info

%Tsimul=11
%QTsimul=day
%simToD=0

closed loop info

%Tclosed=264
%QTclosed=hour
%Treg=15840

Open loop info

%Qbasal=quest

meals info

%Tmeals=[427 723 1223 1810 2220 2592 3295 3686 4038 4775 5143 5546 6172 6487 6923 7649 8030 8369 9081 9389 9885 10543 10877 11332 11884 12251 12689 13321 13783 14209 14878 15152 15606 ]
%QTmeals=min
%Ameals=[36 65 79 41 78 79 43 69 76 35 80 75 54 80 86 39 78 86 42 69 88 54 82 84 43 74 91 42 83 91 53 77 81 ]
%Dmeals=[15]
%Qmeals=total

bolus info
%Tbolus=[382 678 1178 1765 2175 2547 3250 3641 3993 4730 5098 5501 6127 6442 6878 7604 7985 8324 9036 9344 9840 10498 10832 11287 11839 12206 12644 13276 13738 14164 14833 15107 15561 ]
%QTbolus=min
%Abolus=[1.83 3.30 4.01 2.08 3.96 4.01 2.18 3.50 3.86 1.78 4.06 3.81 2.74 4.06 4.36 1.98 3.96 4.36 2.13 3.50 4.47 2.74 4.16 4.26 2.18 3.76 4.62 2.13 4.21 4.62 2.69 3.91 4.11 ]
