simulation info

%Tsimul=11
%QTsimul=day
%simToD=0

closed loop info

%Tclosed=264
%QTclosed=hour
%Treg=15840

Open loop info

%Qbasal=quest

meals info

%Tmeals=[395 765 1216 1915 2175 2628 3329 3603 4075 4789 5081 5554 6164 6582 6956 7672 8032 8397 9038 9411 9852 10460 10888 11333 11882 12257 12687 13371 13726 14179 14849 15193 15606 ]
%QTmeals=min
%Ameals=[52 78 86 43 79 76 35 68 80 53 77 93 41 71 78 35 74 77 35 70 86 44 65 83 37 70 75 52 81 76 46 65 78 ]
%Dmeals=[15]
%Qmeals=total

bolus info
%Tbolus=[350 720 1171 1870 2130 2583 3284 3558 4030 4744 5036 5509 6119 6537 6911 7627 7987 8352 8993 9366 9807 10415 10843 11288 11837 12212 12642 13326 13681 14134 14804 15148 15561 ]
%QTbolus=min
%Abolus=[5.78 8.67 9.56 4.78 8.78 8.45 3.89 7.56 8.89 5.89 8.56 10.34 4.56 7.89 8.67 3.89 8.23 8.56 3.89 7.78 9.56 4.89 7.23 9.23 4.11 7.78 8.34 5.78 9.00 8.45 5.11 7.23 8.67 ]
