simulation info

%Tsimul=11
%QTsimul=day
%simToD=0

closed loop info

%Tclosed=264
%QTclosed=hour
%Treg=15840

Open loop info

%Qbasal=quest

meals info

%Tmeals=[423 774 1253 1913 2185 2683 3302 3630 4049 4787 5150 5480 6180 6556 6959 7666 8000 8405 9049 9367 9791 10507 10919 11290 11981 12342 12736 13384 13786 14206 14836 15146 15616 ]
%QTmeals=min
%Ameals=[46 80 80 36 67 88 39 84 77 41 83 86 44 73 86 50 79 89 50 73 86 50 69 90 37 81 89 54 79 82 44 84 90 ]
%Dmeals=[15]
%Qmeals=total

bolus info
%Tbolus=[378 729 1208 1868 2140 2638 3257 3585 4004 4742 5105 5435 6135 6511 6914 7621 7955 8360 9004 9322 9746 10462 10874 11245 11936 12297 12691 13339 13741 14161 14791 15101 15571 ]
%QTbolus=min
%Abolus=[4.13 7.19 7.19 3.23 6.02 7.91 3.50 7.55 6.92 3.68 7.46 7.73 3.95 6.56 7.73 4.49 7.10 8.00 4.49 6.56 7.73 4.49 6.20 8.09 3.32 7.28 8.00 4.85 7.10 7.37 3.95 7.55 8.09 ]
