simulation info

%Tsimul=11
%QTsimul=day
%simToD=0

closed loop info

%Tclosed=264
%QTclosed=hour
%Treg=15840

Open loop info

%Qbasal=quest

meals info

%Tmeals=[432 819 1223 1869 2179 2665 3342 3636 4026 4705 5099 5576 6122 6498 6908 7626 7975 8439 9107 9467 9798 10551 10801 11326 11985 12244 12756 13336 13749 14117 14846 15217 15595 ]
%QTmeals=min
%Ameals=[40 75 87 45 71 92 50 65 86 54 78 86 52 84 75 53 77 83 50 81 91 37 79 75 45 69 86 37 66 78 52 65 75 ]
%Dmeals=[15]
%Qmeals=total

bolus info
%Tbolus=[387 774 1178 1824 2134 2620 3297 3591 3981 4660 5054 5531 6077 6453 6863 7581 7930 8394 9062 9422 9753 10506 10756 11281 11940 12199 12711 13291 13704 14072 14801 15172 15550 ]
%QTbolus=min
%Abolus=[4.55 8.53 9.89 5.12 8.07 10.46 5.69 7.39 9.78 6.14 8.87 9.78 5.91 9.55 8.53 6.03 8.76 9.44 5.69 9.21 10.35 4.21 8.98 8.53 5.12 7.85 9.78 4.21 7.51 8.87 5.91 7.39 8.53 ]
