%Tsimul=11
%QTsimul=day
%simToD=0

closed loop info 
%Tclosed=264
%QTclosed=hour
%Treg=15840

Open loop info 

%Qbasal=quest

%Tmeals=[435 831 1210 1919 2260 2671 3351 3695 4097 4771 5046 5579 6125 6485 6969 7656 7979 8422 9065 9414 9814 10500 10880 11245 11980 12317 12705 13367 13690 14205 14764 15226 15612]

%QTmeals=min

%Ameals=[48 72 86 51 80 79 38 73 82 42 65 82 52 76 86 43 68 86 41 70 91 44 73 84 41 81 93 41 78 81 35 67 89]

%Dmeals=[15]
%Qmeals=total

%Tbolus=[390 786 1165 1874 2215 2626 3306 3650 4052 4726 5001 5534 6080 6440 6924 7611 7934 8377 9020 9369 9769 10455 10835 11200 11935 12272 12660 13322 13645 14160 14719 15181 15567]

%QTbolus=min

%Abolus=[3.20 4.80 5.73 3.40 5.33 5.27 2.53 4.87 5.47 2.80 4.33 5.47 3.47 5.07 5.73 2.87 4.53 5.73 2.73 4.67 6.07 2.93 4.87 5.60 2.73 5.40 6.20 2.73 5.20 5.40 2.33 4.47 5.93]



