simulation info

%Tsimul=11
%QTsimul=day
%simToD=0

closed loop info

%Tclosed=264
%QTclosed=hour
%Treg=15840

Open loop info

%Qbasal=quest

meals info

%Tmeals=[368 837 1198 1816 2196 2635 3292 3629 4054 4768 5104 5506 6141 6544 7009 7638 7925 8452 9100 9381 9790 10520 10850 11296 11984 12248 12776 13404 13767 14217 14860 15167 15583 ]
%QTmeals=min
%Ameals=[42 69 93 39 66 87 51 71 83 40 79 78 54 79 77 54 83 77 45 82 89 51 80 80 52 75 84 40 67 85 51 77 82 ]
%Dmeals=[15]
%Qmeals=total

bolus info
%Tbolus=[323 792 1153 1771 2151 2590 3247 3584 4009 4723 5059 5461 6096 6499 6964 7593 7880 8407 9055 9336 9745 10475 10805 11251 11939 12203 12731 13359 13722 14172 14815 15122 15538 ]
%QTbolus=min
%Abolus=[4.06 6.67 8.98 3.77 6.38 8.40 4.93 6.86 8.02 3.86 7.63 7.54 5.22 7.63 7.44 5.22 8.02 7.44 4.35 7.92 8.60 4.93 7.73 7.73 5.02 7.25 8.11 3.86 6.47 8.21 4.93 7.44 7.92 ]
