simulation info

%Tsimul=11
%QTsimul=day
%simToD=0

closed loop info

%Tclosed=264
%QTclosed=hour
%Treg=15840

Open loop info

%Qbasal=quest

meals info

%Tmeals=[444 807 1149 1888 2276 2601 3339 3637 4097 4709 5082 5518 6166 6509 6908 7604 7920 8408 9065 9378 9780 10502 10836 11308 11888 12350 12682 13430 13754 14191 14824 15137 15643 ]
%QTmeals=min
%Ameals=[53 84 91 35 76 76 44 68 85 40 70 94 43 74 76 42 71 86 38 81 80 45 73 77 42 79 90 45 78 82 49 78 84 ]
%Dmeals=[15]
%Qmeals=total

bolus info
%Tbolus=[399 762 1104 1843 2231 2556 3294 3592 4052 4664 5037 5473 6121 6464 6863 7559 7875 8363 9020 9333 9735 10457 10791 11263 11843 12305 12637 13385 13709 14146 14779 15092 15598 ]
%QTbolus=min
%Abolus=[5.12 8.11 8.79 3.38 7.34 7.34 4.25 6.57 8.21 3.86 6.76 9.08 4.15 7.15 7.34 4.06 6.86 8.31 3.67 7.82 7.73 4.35 7.05 7.44 4.06 7.63 8.69 4.35 7.54 7.92 4.73 7.54 8.11 ]
