simulation info

%Tsimul=11
%QTsimul=day
%simToD=0

closed loop info

%Tclosed=264
%QTclosed=hour
%Treg=15840

Open loop info

%Qbasal=quest

meals info

%Tmeals=[367 832 1209 1899 2214 2660 3310 3718 4041 4715 5148 5561 6215 6556 6914 7649 7990 8376 9113 9372 9818 10542 10906 11280 11955 12316 12761 13383 13741 14188 14839 15143 15607 ]
%QTmeals=min
%Ameals=[46 78 91 37 68 85 50 65 80 50 75 75 54 73 88 50 71 82 50 72 93 51 71 94 51 80 82 51 81 76 52 80 88 ]
%Dmeals=[15]
%Qmeals=total

bolus info
%Tbolus=[322 787 1164 1854 2169 2615 3265 3673 3996 4670 5103 5516 6170 6511 6869 7604 7945 8331 9068 9327 9773 10497 10861 11235 11910 12271 12716 13338 13696 14143 14794 15098 15562 ]
%QTbolus=min
%Abolus=[2.05 3.47 4.05 1.65 3.02 3.78 2.22 2.89 3.56 2.22 3.34 3.34 2.40 3.25 3.91 2.22 3.16 3.65 2.22 3.20 4.14 2.27 3.16 4.18 2.27 3.56 3.65 2.27 3.60 3.38 2.31 3.56 3.91 ]
