simulation info

%Tsimul=11
%QTsimul=day
%simToD=0

closed loop info

%Tclosed=264
%QTclosed=hour
%Treg=15840

Open loop info

%Qbasal=quest

meals info

%Tmeals=[398 819 1183 1856 2245 2634 3265 3616 4126 4749 5134 5543 6186 6591 6914 7564 7991 8350 9034 9405 9861 10494 10806 11338 11976 12308 12694 13360 13792 14115 14763 15154 15594 ]
%QTmeals=min
%Ameals=[41 76 78 38 68 82 40 68 81 46 71 78 43 68 92 41 78 82 42 70 91 47 71 80 54 79 80 44 72 89 44 77 87 ]
%Dmeals=[15]
%Qmeals=total

bolus info
%Tbolus=[353 774 1138 1811 2200 2589 3220 3571 4081 4704 5089 5498 6141 6546 6869 7519 7946 8305 8989 9360 9816 10449 10761 11293 11931 12263 12649 13315 13747 14070 14718 15109 15549 ]
%QTbolus=min
%Abolus=[2.07 3.85 3.95 1.92 3.44 4.15 2.02 3.44 4.10 2.33 3.59 3.95 2.18 3.44 4.66 2.07 3.95 4.15 2.13 3.54 4.60 2.38 3.59 4.05 2.73 4.00 4.05 2.23 3.64 4.50 2.23 3.90 4.40 ]
