simulation info

%Tsimul=11
%QTsimul=day
%simToD=0

closed loop info
%Tclosed=264
%QTclosed=hour
%Treg=15840

Open loop info

%Qbasal=quest

meals info

%Tmeals=[456 768 1191 1870 2241 2584 3263 3646 4093 4702 5044 5477 6186 6588 6920 7637 7954 8404 9068 9461 9899 10540 10835 11313 11939 12246 12740 13352 13723 14122 14867 15144 15550 ]

%QTmeals=min

%Ameals=[38 78 80 42 78 77 36 83 91 46 81 89 49 79 87 52 79 92 51 77 79 43 81 90 41 71 86 42 73 77 46 73 79 ]

%Dmeals=[15]
%Qmeals=total

bolus info
%Tbolus=[411 723 1146 1825 2196 2539 3218 3601 4048 4657 4999 5432 6141 6543 6875 7592 7909 8359 9023 9416 9854 10495 10790 11268 11894 12201 12695 13307 13678 14077 14822 15099 15505 ]

%QTbolus=min

%Abolus=[2.53 5.20 5.33 2.80 5.20 5.13 2.40 5.53 6.07 3.07 5.40 5.93 3.27 5.27 5.80 3.47 5.27 6.13 3.40 5.13 5.27 2.87 5.40 6.00 2.73 4.73 5.73 2.80 4.87 5.13 3.07 4.87 5.27 ]
