simulation info

%Tsimul=11
%QTsimul=day
%simToD=0

closed loop info
%Tclosed=264
%QTclosed=hour
%Treg=15840

Open loop info

%Qbasal=quest

meals info

%Tmeals=[426 791 1146 1890 2262 2687 3262 3638 4028 4730 5054 5574 6183 6596 6975 7593 7922 8445 9069 9360 9821 10501 10870 11226 11996 12311 12742 13353 13737 14127 14839 15202 15598 ]

%QTmeals=min

%Ameals=[47 69 75 52 79 83 51 79 90 51 82 81 43 82 90 48 79 94 44 68 76 42 68 90 44 71 75 51 76 85 35 68 90 ]

%Dmeals=[15]
%Qmeals=total

bolus info
%Tbolus=[381 746 1101 1845 2217 2642 3217 3593 3983 4685 5009 5529 6138 6551 6930 7548 7877 8400 9024 9315 9776 10456 10825 11181 11951 12266 12697 13308 13692 14082 14794 15157 15553 ]

%QTbolus=min

%Abolus=[3.13 4.60 5.00 3.47 5.27 5.53 3.40 5.27 6.00 3.40 5.47 5.40 2.87 5.47 6.00 3.20 5.27 6.27 2.93 4.53 5.07 2.80 4.53 6.00 2.93 4.73 5.00 3.40 5.07 5.67 2.33 4.53 6.00 ]
