simulation info

%Tsimul=11
%QTsimul=day
%simToD=0

closed loop info
%Tclosed=264
%QTclosed=hour
%Treg=15840

Open loop info

%Qbasal=quest

meals info

%Tmeals=[369 827 1206 1827 2186 2620 3251 3645 4043 4774 5064 5568 6214 6571 6902 7644 8033 8403 9086 9369 9793 10532 10862 11318 11957 12274 12738 13356 13692 14186 14817 15132 15607 ]

%QTmeals=min

%Ameals=[50 66 79 46 70 80 45 83 92 37 78 91 37 65 93 52 72 76 49 67 87 45 82 79 44 78 93 42 77 86 54 71 90 ]

%Dmeals=[15]
%Qmeals=total

bolus info
%Tbolus=[324 782 1161 1782 2141 2575 3206 3600 3998 4729 5019 5523 6169 6526 6857 7599 7988 8358 9041 9324 9748 10487 10817 11273 11912 12229 12693 13311 13647 14141 14772 15087 15562 ]

%QTbolus=min

%Abolus=[3.33 4.40 5.27 3.07 4.67 5.33 3.00 5.53 6.13 2.47 5.20 6.07 2.47 4.33 6.20 3.47 4.80 5.07 3.27 4.47 5.80 3.00 5.47 5.27 2.93 5.20 6.20 2.80 5.13 5.73 3.60 4.73 6.00 ]
