simulation info

%Tsimul=11
%QTsimul=day
%simToD=0

closed loop info
%Tclosed=264
%QTclosed=hour
%Treg=15840

Open loop info

%Qbasal=quest

meals info

%Tmeals=[451 748 1184 1916 2251 2602 3292 3619 4131 4788 5155 5467 6123 6521 7017 7636 8032 8387 9080 9411 9878 10549 10894 11226 11921 12342 12734 13350 13747 14180 14768 15127 15555 ]

%QTmeals=min

%Ameals=[41 68 82 36 82 84 42 81 88 44 71 79 35 74 89 49 72 80 51 78 86 35 68 93 41 76 83 49 75 89 47 75 93 ]

%Dmeals=[15]
%Qmeals=total

bolus info
%Tbolus=[406 703 1139 1871 2206 2557 3247 3574 4086 4743 5110 5422 6078 6476 6972 7591 7987 8342 9035 9366 9833 10504 10849 11181 11876 12297 12689 13305 13702 14135 14723 15082 15510 ]

%QTbolus=min

%Abolus=[2.73 4.53 5.47 2.40 5.47 5.60 2.80 5.40 5.87 2.93 4.73 5.27 2.33 4.93 5.93 3.27 4.80 5.33 3.40 5.20 5.73 2.33 4.53 6.20 2.73 5.07 5.53 3.27 5.00 5.93 3.13 5.00 6.20 ]
