simulation info

%Tsimul=11
%QTsimul=day
%simToD=0

closed loop info
%Tclosed=264
%QTclosed=hour
%Treg=15840

Open loop info

%Qbasal=quest

meals info

%Tmeals=[368 757 1241 1901 2163 2618 3337 3681 4055 4769 5141 5533 6126 6510 6980 7564 8026 8458 9062 9366 9819 10536 10852 11254 11979 12299 12750 13382 13733 14129 14833 15150 15554 ]

%QTmeals=min

%Ameals=[35 65 79 40 80 77 41 71 82 37 81 76 42 75 83 51 73 75 54 75 80 41 78 92 53 80 79 46 76 93 44 78 82 ]

%Dmeals=[15]
%Qmeals=total

bolus info
%Tbolus=[323 712 1196 1856 2118 2573 3292 3636 4010 4724 5096 5488 6081 6465 6935 7519 7981 8413 9017 9321 9774 10491 10807 11209 11934 12254 12705 13337 13688 14084 14788 15105 15509 ]

%QTbolus=min

%Abolus=[2.33 4.33 5.27 2.67 5.33 5.13 2.73 4.73 5.47 2.47 5.40 5.07 2.80 5.00 5.53 3.40 4.87 5.00 3.60 5.00 5.33 2.73 5.20 6.13 3.53 5.33 5.27 3.07 5.07 6.20 2.93 5.20 5.47 ]
